[gd_scene load_steps=8 format=2]

[ext_resource path="res://Camera.gd" type="Script" id=1]
[ext_resource path="res://RigidBody.gd" type="Script" id=2]
[ext_resource path="res://butterfly_2.tscn" type="PackedScene" id=3]
[ext_resource path="res://environment.tscn" type="PackedScene" id=4]

[sub_resource type="BoxShape" id=1]

[sub_resource type="BoxShape" id=11]
extents = Vector3( 13.3192, 1, 12.3238 )

[sub_resource type="BoxShape" id=12]
extents = Vector3( 11.5186, 24.8529, 10.1391 )

[node name="Spatial" type="Spatial"]

[node name="ButterflyCharacter" type="RigidBody" parent="."]
transform = Transform( 1, 0, 0, 0, 1, 0, 0, 0, 1, 0, 0.627614, 0 )
script = ExtResource( 2 )

[node name="CollisionShape" type="CollisionShape" parent="ButterflyCharacter"]
transform = Transform( 0.546917, 0, 0, 0, 0.458149, 0, 0, 0, 0.8, 0, 0.0405842, 0 )
shape = SubResource( 1 )

[node name="Position3D" type="Position3D" parent="ButterflyCharacter"]

[node name="butterfly_anim" parent="ButterflyCharacter" instance=ExtResource( 3 )]
transform = Transform( 1, 0, 0, 0, 1, 0, 0, 0, 1, 0, -0.486729, 0 )

[node name="Camera" type="Camera" parent="."]
transform = Transform( 1, 0, 0, 0, 0.996194, 0.0871557, 0, -0.0871557, 0.996194, 0, 3.53912, 8.00272 )
fov = 50.0
script = ExtResource( 1 )

[node name="DirectionalLight" type="DirectionalLight" parent="."]
transform = Transform( 0.967374, -0.109044, 0.228686, -0.0880388, 0.701703, 0.707009, -0.237564, -0.704075, 0.669209, 0, 3.3569, 0 )
visible = false
light_energy = 0.2
shadow_enabled = true

[node name="environment" type="StaticBody" parent="."]

[node name="environment_v001" parent="environment" instance=ExtResource( 4 )]

[node name="CollisionShape" type="CollisionShape" parent="environment"]
transform = Transform( 1, 0, 0, 0, 1, 0, 0, 0, 1, 0, -1.01038, 0 )
shape = SubResource( 11 )

[node name="CollisionShape2" type="CollisionShape" parent="environment"]
transform = Transform( 1, 0, 0, 0, 1, 0, 0, 0, 1, -29.0674, 25.0351, 0 )
shape = SubResource( 12 )

[node name="CollisionShape3" type="CollisionShape" parent="environment"]
transform = Transform( 1, 0, 0, 0, 1, 0, 0, 0, 1, -29.1166, 77.1423, 0 )
shape = SubResource( 12 )

[node name="OmniLight" type="OmniLight" parent="."]
transform = Transform( 0.967374, -0.109044, 0.228685, -0.0880388, 0.701703, 0.707009, -0.237564, -0.704075, 0.669209, 24.1635, 87.5239, 62.7024 )
visible = false
light_energy = 1.145
shadow_enabled = true
omni_range = 129.541

[node name="SpotLight" type="SpotLight" parent="."]
transform = Transform( 0.967374, -0.109044, 0.228685, -0.0442258, 0.816097, 0.57622, -0.249463, -0.567534, 0.784649, 24.1635, 96.3305, 72.1461 )
light_energy = 0.377
shadow_enabled = true
shadow_bias = 0.4
spot_range = 190.352
spot_angle = 50.4632

[node name="Control" type="Control" parent="."]
anchor_left = 0.01
anchor_top = 0.02
anchor_right = 2.0
anchor_bottom = 0.024
margin_right = 40.0
margin_bottom = 40.0
__meta__ = {
"_edit_use_anchors_": false
}

[node name="Label" type="Label" parent="Control"]
margin_right = 40.0
margin_bottom = 14.0
text = "TEST 123	"
__meta__ = {
"_edit_use_anchors_": false
}

[node name="BakedLightmap" type="BakedLightmap" parent="."]
visible = false
extents = Vector3( 38.5189, 67.6572, 98.1636 )
