[gd_scene load_steps=7 format=2]

[ext_resource path="res://Camera_level3.gd" type="Script" id=1]
[ext_resource path="res://RigidBody.gd" type="Script" id=2]
[ext_resource path="res://models/level_02.tscn" type="PackedScene" id=3]
[ext_resource path="res://butterfly_2.tscn" type="PackedScene" id=4]

[sub_resource type="BoxShape" id=1]

[sub_resource type="BoxShape" id=2]
extents = Vector3( 3.93571, 1.90337, 3.58337 )

[node name="Spatial" type="Spatial"]

[node name="ButterflyCharacter" type="RigidBody" parent="."]
transform = Transform( 1, 0, 0, 0, 1, 0, 0, 0, 1, 0, 1.52466, 0 )
collision_layer = 2
script = ExtResource( 2 )

[node name="CollisionShape" type="CollisionShape" parent="ButterflyCharacter"]
transform = Transform( 0.546917, 0, 0, 0, 0.458149, 0, 0, 0, 0.8, 0, 0.0405842, 0 )
shape = SubResource( 1 )

[node name="Position3D" type="Position3D" parent="ButterflyCharacter"]

[node name="butterfly_anim" parent="ButterflyCharacter" instance=ExtResource( 4 )]
transform = Transform( 1, 0, 0, 0, 1, 0, 0, 0, 1, 0, -0.486729, 0 )

[node name="Camera" type="Camera" parent="."]
transform = Transform( 1, 0, 0, 0, 0.996194, 0.0871557, 0, -0.0871557, 0.996194, 0, 3.53912, 8.00272 )
fov = 50.0
script = ExtResource( 1 )

[node name="DirectionalLight" type="DirectionalLight" parent="."]
transform = Transform( 0.967374, -0.109044, 0.228686, -0.0880388, 0.701703, 0.707009, -0.237564, -0.704075, 0.669209, 0, 3.3569, 0 )
visible = false
light_energy = 0.2
shadow_enabled = true

[node name="environment" type="StaticBody" parent="."]

[node name="level_02" parent="environment" instance=ExtResource( 3 )]
transform = Transform( 1, 0, 0, 0, 1, 0, 0, 0, 1, -0.09, 0, 0 )

[node name="OmniLight" type="OmniLight" parent="."]
transform = Transform( 0.967374, -0.109044, 0.228685, -0.0880388, 0.701703, 0.707009, -0.237564, -0.704075, 0.669209, 24.1635, 87.5239, 62.7024 )
visible = false
light_energy = 1.145
shadow_enabled = true
omni_range = 129.541

[node name="SpotLight" type="SpotLight" parent="."]
transform = Transform( 0.967374, -0.109044, 0.228685, -0.0442258, 0.816097, 0.57622, -0.249463, -0.567534, 0.784649, 24.1635, 96.3305, 72.1461 )
light_energy = 0.377
shadow_enabled = true
shadow_bias = 0.4
spot_range = 190.352
spot_angle = 50.4632

[node name="Control" type="Control" parent="."]
anchor_left = 0.01
anchor_top = 0.02
anchor_right = 2.0
anchor_bottom = 0.024
margin_right = 40.0
margin_bottom = 40.0
__meta__ = {
"_edit_use_anchors_": false
}

[node name="Label" type="Label" parent="Control"]
margin_right = 40.0
margin_bottom = 14.0
text = "TEST 123	"
__meta__ = {
"_edit_use_anchors_": false
}

[node name="Area" type="Area" parent="."]
transform = Transform( 1, 0, 0, 0, 1, 0, 0, 0, 1, -2.24201, 7.87183, -1.68322 )
collision_layer = 4
collision_mask = 2

[node name="CollisionShape" type="CollisionShape" parent="Area"]
shape = SubResource( 2 )

[connection signal="body_shape_entered" from="Area" to="ButterflyCharacter" method="_on_Area_body_shape_entered_l2"]
